0 1740.1 0.9840618929946632 4.109880649799574 143.348 0.116 0 0
10 615.6 3082.148212475631 3355.654019763701 7089.469 0.116 0.9840618929946632 17401
20 218.4 4594.7795718864545 3974.9546353356527 13114.59 0.116 806.1649640022068 23557
30 403.8 334.50503863298815 1365.0332170559223 13114.59 0.076 1127.6106849772736 25741
40 1350.7 3193.2329525431214 6310.325395048724 22603.337 0.076 1020.0664222438633 29779
50 664.5 5319.415016854761 7158.884137314566 22603.337 0.076 1698.1831418472475 43286
60 366.8 3924.2874427480792 5494.805344868806 22703.957 0.076 2180.1099169854365 49931
70 718.9 577.7924945054921 1893.7778073154805 22703.957 0.076 2299.4711581372744 53599
80 1049.8 2430.996404076957 5545.155352977236 22703.957 0.076 2095.859459893396 60788
90 841.7 5222.095920280386 7252.848118162007 22703.957 0.076 2145.213717953029 71286
100 440.5 1306.4022864926267 2657.2243508113575 22703.957 0.076 2470.146499617325 79703
110 873.9 972.8415635656252 2431.947165887914 22703.957 0.076 2409.197561837158 84108
120 1103.7 2824.0476403007983 6029.43276836907 22703.957 0.076 2274.004016877225 92847
130 555.9 2422.141708041009 3566.3414179775086 22703.957 0.076 2332.4425778849445 103884
141 641.1 1125.1274801123084 2508.11448169241 22703.957 0.076 2336.9987163729024 109443
150 679.9 1171.1096743638807 2589.764156535013 22703.957 0.076 2269.9375316432715 115854
160 687.4 2066.8890827756777 4590.483721607885 22703.957 0.076 2209.0264197940496 122653
170 652.3 797.7155100413894 2145.6712917562713 22703.957 0.076 2201.483189003062 129527
180 587.5 1620.7849051914886 2901.735610799668 22703.957 0.076 2134.178693818446 136050
190 696.1 5988.581598908221 8057.91457944834 22703.957 0.076 2112.926705034346 141925
200 777.1 6718.484781366609 8816.179907306214 22703.957 0.076 2294.1286563007916 148886
210 564.3 5351.561387914223 7906.425256914957 22703.957 0.076 2513.599675456568 156657
220 690.2 5151.376740509992 7604.570003179997 22703.957 0.076 2612.2726141096705 162300
230 807.5 7497.40451814243 9051.754595170358 22703.957 0.076 2715.8464293152533 169202
240 664.7 4067.3033040469613 7164.110937406352 22703.957 0.076 2933.6472809050224 177277
250 628.1 6350.726737780605 8282.839055618191 22703.957 0.076 2974.617527234074 183924
260 712.5 7355.911270877206 8868.352085954994 22703.957 0.076 3086.1043017744 190205
270 624.3 5856.197611244621 8252.33735260875 22703.957 0.076 3240.2743451274505 197330
280 682.1 5095.024251282806 8036.186290072271 22703.957 0.076 3320.497208426461 203573
291 766.9 5320.943875603055 8087.162448557426 22703.957 0.076 3378.0275988336166 210394
300 293.3 12552.254041936592 7711.320293715209 22703.957 0.076 3446.3575077431738 218063
310 324.6 15909.837594885978 7321.181317122552 22703.957 0.076 3567.2085391409787 220996
320 108 6063.759913888899 7308.440495506032 22703.957 0.076 3745.8734365060945 224242
330 7.6 7306.180947368414 8526.098727171027 22703.957 0.076 3756.983392016757 225322
340 8.4 5815.306999999999 8811.673458519721 22703.957 0.076 3758.180115209539 225398
350 0 0 0 22703.957 0.076 3758.9464675495146 225482
351 0 0 0 22703.957 0.076 3758.9464675495146 225482
