0 0.1 44.40184274390208 0 44.40184274390208 44.40184274390208 0 0
10 0.1 87.6896794292031 0.0 87.6896794292031 44.40184274390208 44.40184274390208 1
30 0.1 49.065630815679405 0.0 87.6896794292031 44.40184274390208 66.04576108655259 2
40 0.1 93.31598959375626 0.0 93.31598959375626 44.40184274390208 60.385717662928194 3
50 0.1 94.88693215929558 0.0 94.88693215929558 44.40184274390208 68.61828564563521 4
60 0.1 52.69098329294732 0.0 94.88693215929558 44.40184274390208 73.8720149483673 5
70 0.1 91.2891289128913 0.0 94.88693215929558 44.40184274390208 70.34184300579729 6
80 0.1 88.14985475308023 0.0 94.88693215929558 44.40184274390208 73.33431242109644 7
100 0.1 55.874656577939916 0.0 94.88693215929558 44.40184274390208 75.18625521259442 8
110 0.1 91.96341700719984 0.0 94.88693215929558 44.40184274390208 73.04052203096614 9
120 0.1 88.85334399680096 0.0 94.88693215929558 44.40184274390208 74.93281152858951 10
130 0.1 58.337224910842735 0.0 94.88693215929558 44.40184274390208 76.1983144802451 11
141 0.1 94.59121913728504 0.0 94.88693215929558 44.40184274390208 74.70989034946156 12
150 0.1 88.23128589506474 0.0 94.88693215929558 44.40184274390208 76.2392233331403 13
160 0.1 91.69085994594055 0.0 94.88693215929558 44.40184274390208 77.09579923042062 14
170 0.1 91.72089298228052 0.0 94.88693215929558 44.40184274390208 78.06880327812195 15
180 0.1 87.41602326280959 0.0 94.88693215929558 44.40184274390208 78.92205888463185 16
190 0.1 88.15222834251377 0.0 94.88693215929558 44.40184274390208 79.42170384805408 17
200 0.1 90.0550826239359 0.0 94.88693215929558 44.40184274390208 79.90673298663518 18
210 0.1 86.78034102306921 0.0 94.88693215929558 44.40184274390208 80.44085665175628 19
220 0.1 90.0962309542903 0.0 94.88693215929558 44.40184274390208 80.75783087032192 20
230 0.1 88.19347085920288 0.0 94.88693215929558 44.40184274390208 81.20251658860613 21
240 0.1 89.79959919839679 0.0 94.88693215929558 44.40184274390208 81.52028723726961 22
250 0.1 86.45823155837812 0.0 94.88693215929558 44.40184274390208 81.88025732253601 23
270 0.1 89.36684388593522 0.0 94.88693215929558 44.40184274390208 82.07100624902944 24
280 0.1 90.55433259955974 0.0 94.88693215929558 44.40184274390208 82.36283975450567 25
291 0.1 90.29953014878622 0.0 94.88693215929558 44.40184274390208 82.67789717162313 26
300 0.1 87.55936306918709 0.0 94.88693215929558 44.40184274390208 82.96017987448103 27
310 0.1 71.65299179507704 0.0 94.88693215929558 44.40184274390208 83.1244364171491 28
320 0.1 76.05619668840943 0.0 94.88693215929558 44.40184274390208 82.72886936121557 29
330 0.1 64.21411387329591 0.0 94.88693215929558 44.40184274390208 82.5064469387887 30
340 0.1 61.8622832514784 0.0 94.88693215929558 44.40184274390208 81.91637167861151 31
350 0.1 61.97592778335005 0.0 94.88693215929558 44.40184274390208 81.2896814152636 32
351 0.1 15.289173504102461 0.0 94.88693215929558 15.289173504102461 80.70441615369046 33
