30 416.6 4166
40 408.8 8254
50 23.8 8492
60 94.2 9434
70 460.4 14038
80 338.4 17422
90 78.6 18208
100 228 20488
110 507.6 25564
120 257.9 28143
130 187.7 30020
141 296.1 32981
150 400.6 36987
160 275 39737
170 317.7 42914
180 223.7 45151
190 204.2 47193
200 41.2 47605
210 147.3 49078
220 121.7 50295
230 165.7 51952
240 110.6 53058
250 121 54268
260 135.4 55622
270 132.1 56943
280 127.3 58216
291 139.8 59614
300 80.2 60416
310 100.5 61421
320 57.5 61996
330 4.5 62041
340 5.8 62099
350 0 62099
351 0 62099
