10 3588.9 35889
20 9038.9 126278
30 4195.4 168232
40 0 168232
50 3659.9 204831
60 6366 268491
70 3303.8 301529
80 0 301529
90 3798.3 339512
100 6214.6 401658
110 1327.9 414937
120 0 414937
130 4556.2 460499
141 5088.5 511384
150 722.6 518610
160 0 518610
170 0 518610
180 0 518610
190 0 518610
200 0 518610
210 0 518610
220 0 518610
230 0 518610
240 0 518610
250 0 518610
260 0 518610
270 0 518610
280 0 518610
291 0 518610
300 0 518610
310 0 518610
320 0 518610
330 0 518610
340 0 518610
350 0 518610
351 0 518610
