10 791.1 7911
20 2189.4 29805
30 1011.8 39923
40 31.6 40239
50 864.6 48885
60 1506.6 63951
70 734.1 71292
80 17.6 71468
90 891.5 80383
100 1443.3 94816
110 297.9 97795
120 36 98155
130 1066.1 108816
141 1173.6 120552
150 166.3 122215
160 30.9 122524
170 35.3 122877
180 11.8 122995
190 11.8 123113
200 1.2 123125
210 3.2 123157
220 1.3 123170
230 1.3 123183
240 1.8 123201
250 0 123201
260 0.3 123204
270 1.1 123215
280 0.3 123218
291 0.4 123222
300 0.4 123226
310 0.4 123230
320 0 123230
330 0.1 123231
340 0.1 123232
350 0 123232
351 0 123232
