0 1718.9 17189
10 1394.4 31133
20 2394.5 55078
30 1371.7 68795
40 1378.6 82581
50 1517.9 97760
60 1918.5 116945
70 1400.2 130947
80 1132.2 142269
90 1692.2 159191
100 1886.1 178052
110 1223.1 190283
120 1069.3 200976
130 1620.8 217184
141 1806.9 235253
150 873.2 243985
160 723.9 251224
170 702.2 258246
180 549.8 263744
190 760 271344
200 748 278824
210 568.1 284505
220 668.3 291188
230 808.1 299269
240 666.9 305938
250 671.4 312652
260 670.7 319359
270 658.6 325945
280 646.4 332409
291 766.8 340077
300 297.8 343055
310 324.7 346302
320 107.4 347376
330 29.7 347673
340 29.6 347969
350 3.8 348007
351 0 348007
