0 0.1 84.203125 0 84.203125 84.203125 0 0
10 0.1 51.5625 0.0 84.203125 51.5625 84.203125 1
30 0.1 64.25 0.0 84.203125 51.5625 67.8828125 2
40 0.1 106.015625 0.0 106.015625 51.5625 66.671875 3
50 0.1 187.125 0.0 187.125 51.5625 76.5078125 4
60 0.1 74.296875 0.0 187.125 51.5625 98.63125 5
70 0.1 104.0625 0.0 187.125 51.5625 94.57552083333333 6
80 0.1 213.28125 0.0 213.28125 51.5625 95.93080357142857 7
100 0.1 144.65625 0.0 213.28125 51.5625 110.599609375 8
110 0.1 75.65625 0.0 213.28125 51.5625 114.38368055555556 9
120 0.1 116.078125 0.0 213.28125 51.5625 110.5109375 10
130 0.1 91.296875 0.0 213.28125 51.5625 111.01704545454545 11
141 0.1 128.703125 0.0 213.28125 51.5625 109.37369791666667 12
150 0.1 88.125 0.0 213.28125 51.5625 110.86057692307692 13
160 0.1 112.296875 0.0 213.28125 51.5625 109.23660714285714 14
170 0.1 114.4375 0.0 213.28125 51.5625 109.440625 15
180 0.1 73.3125 0.0 213.28125 51.5625 109.7529296875 16
190 0.1 87.65625 0.0 213.28125 51.5625 107.609375 17
200 0.1 115.546875 0.0 213.28125 51.5625 106.50086805555556 18
210 0.1 97.6875 0.0 213.28125 51.5625 106.97697368421052 19
220 0.1 79.3125 0.0 213.28125 51.5625 106.5125 20
230 0.1 136.484375 0.0 213.28125 51.5625 105.2172619047619 21
240 0.1 101.96875 0.0 213.28125 51.5625 106.63849431818181 22
250 0.1 117.515625 0.0 213.28125 51.5625 106.43546195652173 23
270 0.1 192.390625 0.0 213.28125 51.5625 106.89713541666667 24
280 0.1 70.578125 0.0 213.28125 51.5625 110.316875 25
291 0.1 51.640625 0.0 213.28125 51.5625 108.78846153846153 26
300 0.1 191.34375 0.0 213.28125 51.5625 106.671875 27
310 0.1 113.75 0.0 213.28125 51.5625 109.69587053571429 28
320 0.1 100.5625 0.0 213.28125 51.5625 109.83566810344827 29
330 0.1 112.859375 0.0 213.28125 51.5625 109.5265625 30
340 0.1 81.8125 0.0 213.28125 51.5625 109.63407258064517 31
350 0.1 148.640625 0.0 213.28125 51.5625 108.7646484375 32
351 0.1 174.421875 0.0 213.28125 51.5625 109.97301136363636 33
