0 0.1 28.61328125 0 28.61328125 28.61328125 0 0
10 0.1 26.1796875 0.0 28.61328125 26.1796875 28.61328125 1
30 0.1 22.3828125 0.0 28.61328125 22.3828125 27.396484375 2
40 0.1 21.36328125 0.0 28.61328125 21.36328125 25.725260416666668 3
50 0.1 21.4609375 0.0 28.61328125 21.36328125 24.634765625 4
60 0.1 21.57421875 0.0 28.61328125 21.36328125 24.0 5
70 0.1 21.80078125 0.0 28.61328125 21.36328125 23.595703125 6
80 0.1 20.72265625 0.0 28.61328125 20.72265625 23.339285714285715 7
100 0.1 20.4140625 0.0 28.61328125 20.4140625 23.01220703125 8
110 0.1 19.83984375 0.0 28.61328125 19.83984375 22.723524305555557 9
120 0.1 20.046875 0.0 28.61328125 19.83984375 22.43515625 10
130 0.1 18.6328125 0.0 28.61328125 18.6328125 22.218039772727273 11
141 0.1 19.51953125 0.0 28.61328125 18.6328125 21.919270833333332 12
150 0.1 19.0 0.0 28.61328125 18.6328125 21.73467548076923 13
160 0.1 18.03125 0.0 28.61328125 18.03125 21.539341517857142 14
170 0.1 16.84765625 0.0 28.61328125 16.84765625 21.30546875 15
180 0.1 15.56640625 0.0 28.61328125 15.56640625 21.02685546875 16
190 0.1 14.25 0.0 28.61328125 14.25 20.705652573529413 17
200 0.1 14.25390625 0.0 28.61328125 14.25 20.347005208333332 18
210 0.1 14.234375 0.0 28.61328125 14.234375 20.026315789473685 19
220 0.1 13.6875 0.0 28.61328125 13.6875 19.73671875 20
230 0.1 15.68359375 0.0 28.61328125 13.6875 19.448660714285715 21
240 0.1 16.89453125 0.0 28.61328125 13.6875 19.277521306818183 22
250 0.1 16.3359375 0.0 28.61328125 13.6875 19.17391304347826 23
270 0.1 16.91796875 0.0 28.61328125 13.6875 19.0556640625 24
280 0.1 16.22265625 0.0 28.61328125 13.6875 18.97015625 25
291 0.1 16.91015625 0.0 28.61328125 13.6875 18.86448317307692 26
300 0.1 15.12109375 0.0 28.61328125 13.6875 18.79210069444444 27
310 0.1 13.78515625 0.0 28.61328125 13.6875 18.660993303571423 28
320 0.1 13.26171875 0.0 28.61328125 13.26171875 18.492860991379306 29
330 0.1 12.51953125 0.0 28.61328125 12.51953125 18.318489583333328 30
340 0.1 11.515625 0.0 28.61328125 11.515625 18.13142641129032 31
350 0.1 10.66015625 0.0 28.61328125 10.66015625 17.924682617187496 32
351 0.1 9.40234375 0.0 28.61328125 9.40234375 17.70454545454545 33
