0 1689.1 57.216485406429655 562.5145851793297 8468.302 0.521 0 0
10 614.2 3453.641875936177 3754.4152561881197 18387.683 0.521 57.216485406429655 16891
20 217.5 6767.1616344827735 6697.302513629086 22758.041 0.521 962.9102616680417 23033
30 362.6 1412.6132460011036 5186.024429601672 28783.877 0.521 1463.7134485877511 25208
40 1322.5 3669.09006555765 6970.891584070388 34874.46 0.521 1457.2873774710424 28834
50 664.5 6148.808577878098 8070.953206607301 34874.46 0.521 2152.764933997479 42059
60 366.1 5465.353557497938 7790.394682141086 42630.763 0.521 2697.970872187088 48704
70 717.7 1341.5225760066874 4557.483320198667 42630.763 0.521 2891.447202005154 52365
80 1049.1 2929.248787055562 6339.012241950945 42630.763 0.521 2704.624303197741 59542
90 841.2 5831.311333808841 7720.888639606723 42630.763 0.521 2738.273232418999 70033
100 439.5 2429.8326416382306 5528.112698809753 42630.763 0.521 3069.9532185097805 78445
110 800.9 1577.9088668997465 4711.992491078149 42630.763 0.521 3035.992210115883 82840
120 1173.9 3279.4167940199345 6519.050924914151 42630.763 0.521 2907.451560292351 90849
130 555 3235.338851891887 5148.644757969309 42630.763 0.521 2950.015016824578 102588
141 639.5 1982.229903987489 4851.525091256188 42630.763 0.521 2964.6587802067706 108138
150 679.8 1995.6439024713184 4799.508475144155 42630.763 0.521 2909.8044354902063 114533
160 685.6 2784.0220250875136 5792.89533422146 42630.763 0.521 2858.5853463583076 121331
170 650.8 1582.7554637369433 4446.023372909164 42630.763 0.518 2854.597374640173 128187
180 586.6 2549.9928781111344 5000.245645712455 42630.763 0.518 2793.146339663683 134695
190 695.7 6608.99426275694 8382.60593580553 42630.763 0.518 2782.998871977289 140561
200 776.7 7247.044215655966 9060.920209817732 42630.763 0.518 2963.434140443876 147518
210 563.3 6382.531160837936 8722.369752935007 42630.763 0.518 3177.6905042534668 155285
220 689.8 5903.9913329950705 8420.146024807878 42630.763 0.518 3289.8772541418593 160918
230 806.7 8104.027663319705 9331.345911190763 42630.763 0.483 3397.3292188885425 167816
240 664.3 4899.413454463384 8086.086273823526 42630.763 0.483 3613.2053203379505 175883
250 627.3 7129.067578829877 8871.884275323235 42630.763 0.483 3660.0166274119856 182526
260 711 8042.311961462716 9193.457395674397 42630.763 0.483 3775.2786606761683 188799
270 622.5 6658.167166265044 8939.045731964809 42630.763 0.483 3930.1393703352055 195909
280 682.5 5869.679252014658 8758.111914449555 42630.763 0.483 4014.152812060315 202134
291 765.8 6064.319178506121 8791.725583710171 42630.763 0.483 4074.7578491857244 208959
300 292.1 13568.919733995226 8007.415328353393 42630.763 0.483 4145.0942524224765 216617
310 323.7 16661.535693852347 7469.526095600629 42630.763 0.483 4270.480264100063 219538
320 109.4 11882.444914076783 13074.656672021325 42630.763 0.483 4450.526707489618 222775
330 31.6 28861.61706329116 8960.636696071522 42630.763 0.483 4486.844904819334 223869
340 29.1 22575.29885223368 9528.094746525734 42630.763 0.483 4521.202368530452 224185
350 4.7 10638.563255319152 8176.506803249068 42630.763 0.483 4544.6068397289655 224476
351 0 0 0 42630.763 0.483 4545.882503921644 224523
