0 1718.9 63.21109098842266 595.0128737262429 8788.209 1.913 0 0
10 1394.4 1613.1642063970223 3044.8544888415736 18775.697 1.913 63.21109098842266 17189
20 2394.5 657.544458300272 2775.0499777894306 22760.074 1.913 757.4116576301698 31133
30 1371.7 4565.211999927111 9825.746968070702 28786.072 1.913 713.9946837394257 55078
40 1378.6 12616.666809226741 14265.866099900073 41261.112 1.913 1481.8869422777857 68795
50 1517.9 4186.895695500363 10761.092359615692 50182.977 1.913 3340.7173662949117 82581
60 1918.5 2958.9561656502297 9831.995565222976 60364.532 1.913 3472.101785883798 97760
70 1400.2 6877.325995643519 12284.577493463552 67604.705 1.913 3387.9194888708344 116945
80 1132.2 10485.162218954289 13405.047238181935 78670.128 1.891 3761.03739082988 130947
90 1692.2 4687.469623153279 10925.250386371172 86724.123 1.891 4296.154256092337 142269
100 1886.1 3591.6703410741766 10873.100261472555 86724.123 1.891 4337.75107149902 159191
110 1223.1 10261.182622026048 14685.956306236327 104501.724 1.891 4258.718942365155 178052
120 1069.3 10271.012563172128 16358.572395278428 104501.724 1.841 4644.544966055829 190283
130 1620.8 4354.625834341102 11793.185863910543 104501.724 1.841 4943.903188012503 200976
141 1806.9 5080.714706015854 13126.32673474686 104501.724 1.841 4899.926618153278 217184
150 873.2 12376.442241181896 15425.11596333851 104915.535 1.841 4913.812349513085 235253
160 723.9 14059.349624257533 19176.0029623389 104989.008 1.841 5180.893047974269 243985
170 702.2 12120.204070920036 17595.671986475332 104989.008 1.815 5436.725082953867 251224
180 549.8 11509.191679701682 18006.214230682075 105321.123 1.78 5618.456414527245 258246
190 760 15909.344908289491 19520.773484023703 105900.308 1.78 5741.254516049665 263744
200 748 11517.601196256688 16981.186758996973 105900.308 1.78 6026.049783241947 271344
210 568.1 12572.519080971686 17524.00190751299 105900.308 1.78 6173.371407525905 278824
220 668.3 10630.85444261558 14489.548641575202 105900.308 1.78 6301.149681836885 284505
230 808.1 13712.242098007679 15674.425424390027 105900.308 1.78 6400.519906283923 291188
240 666.9 9456.890395261646 15534.382323752183 105900.308 1.78 6597.954411800096 299269
250 671.4 11886.474166368827 14796.634240332272 117508.193 1.78 6660.275026021622 305938
260 670.7 12625.231458028904 14393.260497583362 117508.193 1.78 6772.504281002531 312652
270 658.6 12724.7981014273 16021.011568166163 117508.193 1.78 6895.4200002285925 319359
280 646.4 10618.190641243804 14816.360436592618 117508.193 1.78 7013.207615238776 325945
291 766.8 11055.143405972913 15367.179264810287 117508.193 1.78 7083.309839547072 332409
300 297.8 21634.785079919377 14676.40083354389 117508.193 1.78 7172.866086477483 340077
310 324.7 25638.956690483512 12264.4263284616 117508.193 1.78 7298.407456702286 343055
320 107.4 38065.853945996256 14426.067784414427 117508.193 1.78 7470.372283247001 346302
330 29.7 48714.201006734 14362.045526514306 117508.193 1.78 7564.965885872954 347376
340 29.6 60435.63330405404 13665.507915426182 117508.193 1.78 7600.117660186448 347673
350 3.8 58028.700815789474 6481.107183757077 117508.193 1.78 7645.062217404433 347969
351 0 0 0 117508.193 1.78 7650.5637684270805 348007
