0 4030.284375 4030.284375
10 1422.6921875 5452.9765625
20 504.559375 5957.5359375
30 841.309375 6798.8453125
40 3064.53046875 9863.37578125
50 1540.646875 11404.02265625
60 848.890625 12252.91328125
70 1661.81015625 13914.7234375
80 2430.9140625 16345.6375
90 1948.9 18294.5375
100 1018.559375 19313.096875
110 2021.70546875 21334.80234375
120 2552.13046875 23886.9328125
130 1286.1640625 25173.096875
141 1482.659375 26655.75625
150 1573.1796875 28228.9359375
160 1588.11015625 29817.04609375
170 1509.06953125 31326.115625
180 1358.6734375 32684.7890625
190 1611.3078125 34296.096875
200 1797.903125 36094
210 1304.584375 37398.584375
220 1596.50390625 38995.08828125
230 1868.7234375 40863.81171875
240 1537.59921875 42401.4109375
250 1452.10390625 43853.51484375
260 1648.43203125 45501.946875
270 1442.82421875 46944.77109375
280 1577.56015625 48522.33125
291 1772.74375 50295.075
300 675.8421875 50970.9171875
310 749.6421875 51720.559375
320 249.9625 51970.521875
330 17.475 51987.996875
340 19.3671875 52007.3640625
350 0 52007.3640625
351 0 52007.3640625
