0 134.4234375 134.4234375
10 139.63203125 274.05546875
20 188.7046875 462.76015625
30 126.20390625 588.9640625
40 168.33671875 757.30078125
50 158.34609375 915.646875
60 167.05703125 1082.70390625
70 162.9859375 1245.68984375
80 166.06171875 1411.7515625
90 180.4078125 1592.159375
100 149.403125 1741.5625
110 176.91796875 1918.48046875
120 172.76953125 2091.25
130 155.98125 2247.23125
141 171.76171875 2418.99296875
150 172.846875 2591.83984375
160 151.40625 2743.24609375
170 172.05859375 2915.3046875
180 187.8515625 3103.15625
190 161.77109375 3264.92734375
200 151.75546875 3416.6828125
210 184.55625 3601.2390625
220 162.7015625 3763.940625
230 186.49453125 3950.43515625
240 176.271875 4126.70703125
250 165.984375 4292.69140625
260 181.63515625 4474.3265625
270 168.47890625 4642.80546875
280 161.421875 4804.22734375
291 188.846875 4993.07421875
300 203.5671875 5196.64140625
310 182.06171875 5378.703125
320 203.20546875 5581.90859375
330 217.1375 5799.04609375
340 203.34765625 6002.39375
350 32.4265625 6034.8203125
351 0 6034.8203125
