0 2168.8 21688
10 1971.1 41399
20 2403.8 65437
30 1238.3 77820
40 1173.9 89559
50 1857 108129
60 1913.4 127263
70 1299.9 140262
80 1193.7 152199
90 1730.9 169508
100 1878.9 188297
110 1041.7 198714
120 1143.2 210146
130 1743.2 227578
141 1805.1 245629
150 706.9 252698
160 608.2 258780
170 688.6 265666
180 717.2 272838
190 581.8 278656
200 752.1 286177
210 727.8 293455
220 617.1 299626
230 666.1 306287
240 828.1 314568
250 650.8 321076
260 593.6 327012
270 614.4 333156
280 637.7 339533
291 847.3 348006
300 0.1 348007
310 0 348007
320 0 348007
330 0 348007
340 0 348007
350 0 348007
351 0 348007
