0 4499 4501
10 10266 10417
20 10359 10455
30 9025 10455
40 6978 10455
50 10369 10455
60 10318 10455
70 9315 10455
80 9930 10455
90 10317 10455
100 10245 10455
110 8431 10455
120 9170 10455
130 10394 10510
141 10376 10510
150 8713 10510
160 7556 10510
170 7420 10510
180 9094 10510
190 7312 10510
200 7353 10510
210 8950 10510
220 8438 10510
230 7018 10510
240 8630 10510
250 8424 10510
260 7653 10510
270 7211 10510
280 7124 10510
291 7929 10510
300 4952 10510
310 1705 10510
320 631 10510
330 334 10510
340 38 10510
350 0 10510
351 0 10510
