0 40.6 406
10 55.6 962
20 56.5 1527
31 53.4 2061
40 56.7 2628
50 55.3 3181
60 49.6 3677
70 58.2 4259
80 50.9 4768
90 57.5 5343
100 53.1 5874
110 48.4 6358
120 57.1 6929
130 50.3 7432
140 54 7972
150 48.4 8456
161 53.9 8995
171 51.1 9506
180 45.7 9963
190 58.5 10548
200 50 11048
210 56.4 11612
221 57.1 12183
230 50.4 12687
240 56.7 13254
250 55 13804
260 52 14324
271 55.6 14880
280 50.3 15383
290 58.1 15964
300 51.2 16476
310 56.9 17045
320 63.3 17678
330 61.7 18295
340 19.4 18489
350 0 18489
351 0 18489
