0 1736.5 0.7711181111431074 2.791940955321065 121.074 0.094 0 0
10 628.5 3138.760095465395 3364.751903848097 7070.745 0.094 0.7711181111431074 17365
20 235.3 3877.950947726311 3314.8845532518876 7076.33 0.094 834.6933473995775 23650
31 804.3 2329.3054070620387 6317.746065998581 22261.577 0.094 1110.0763852632394 26003
40 1084.1 2694.279811087537 5501.0186492393 22261.577 0.074 1398.1060810374197 34046
50 836.8 5144.1587679254335 6912.70091668686 22261.577 0.074 1711.15483474057 44887
60 312.6 2386.27372456814 3242.63453385002 22261.577 0.074 2250.585440559572 53255
70 1089.1 407.353399871453 1595.282571975388 22261.577 0.074 2258.1085702630317 56381
80 920.7 2231.8182548061327 4837.086478733035 22261.577 0.074 1958.480574057557 67272
90 767.8 3851.611110705902 6177.776947785846 22261.577 0.074 1991.3866008969785 76479
100 589.1 922.3758479035788 2293.146972356944 22261.577 0.074 2161.1027717005113 84157
110 922.9 1213.8781386932437 2972.358627519726 22261.577 0.074 2080.0644331689755 90048
120 884.4 1253.9026835142467 2684.1738935923954 22261.577 0.074 1999.5419222982146 99277
130 771.2 1548.698233143147 2842.599637557169 22261.577 0.074 1938.5506862959078 108121
140 717.3 1255.3502782657133 2683.68216612236 22261.577 0.074 1912.5948523046093 115833
150 913.5 1046.4203819375978 2454.397009593707 22261.577 0.074 1874.268141984942 123006
161 666 1755.2941246246255 3358.9263217330727 22261.577 0.074 1817.0384457662628 132141
171 689 1285.0932625544315 2856.788497524995 22261.577 0.074 1814.075807321271 138801
180 534.4 952.7765864520942 2367.5441496119147 22261.577 0.074 1789.0592329725223 145691
190 673.7 1251.6084818168376 2654.3345105760945 22261.577 0.074 1759.4694394610503 151035
200 612.5 2851.542550693897 5620.728993699731 22261.577 0.074 1737.7833400793534 157772
210 813.9 6343.57366592947 8424.947443047435 22261.577 0.074 1779.4056709640804 163897
221 650 4942.028230923105 7817.383453768388 22261.577 0.074 1995.3358443639695 172036
230 621.6 3886.885990669232 6728.656736456054 22261.577 0.074 2102.616731762782 178536
240 842.9 6486.063854787006 8683.779007200834 22261.577 0.074 2162.6486540876417 184752
250 671.4 3309.361090705986 6515.733162162987 22261.577 0.074 2351.2907396276014 193181
260 629.4 3969.867561328238 6468.575557763919 22261.577 0.074 2383.470055454112 199895
271 773.3 5459.329653821283 8331.380920884403 22261.577 0.074 2431.895460795676 206189
280 490.5 1765.7225029561685 4253.493887883706 22261.577 0.074 2541.3332400547843 213922
290 848.4 4482.691255304106 7255.532805167956 22261.577 0.074 2523.9479509201315 218827
300 290.5 12177.115090877764 8646.26991829137 22261.577 0.074 2597.054743791544 227311
310 179.4 1232.9353483834989 4405.771422724299 22261.577 0.074 2717.9415427468093 230216
320 231.3 4206.518623865111 5918.290057791571 22261.577 0.074 2706.458843239513 232010
330 43.7 12457.025016018311 7261.225430404948 22261.577 0.074 2721.26591839896 234323
340 0.2 0.9895 0.4595 22261.577 0.074 2739.3887959149747 234760
350 0 0 0 22261.577 0.074 2739.3654667620804 234762
351 0 0 0 22261.577 0.074 2739.3654667620804 234762
