0 0.1 20.733417110538603 0 20.733417110538603 20.733417110538603 0 0
10 0.1 88.58319108344212 0.0 88.58319108344212 20.733417110538603 20.733417110538603 1
31 0.1 21.115714475603163 0.0 88.58319108344212 20.733417110538603 54.65830409699036 2
40 0.1 86.4369428027647 0.0 88.58319108344212 20.733417110538603 43.4774408898613 3
50 0.1 85.28850522489778 0.0 88.58319108344212 20.733417110538603 54.217316368087154 4
60 0.1 21.458757508392793 0.0 88.58319108344212 20.733417110538603 60.43155413944928 5
70 0.1 87.7505351235649 0.0 88.58319108344212 20.733417110538603 53.936088034273205 6
80 0.1 86.3063063063063 0.0 88.58319108344212 20.733417110538603 58.766723332743446 7
100 0.1 21.85031704260072 0.0 88.58319108344212 20.733417110538603 62.2091712044388 8
110 0.1 87.71666165714859 0.0 88.58319108344212 20.733417110538603 57.72485407534569 9
120 0.1 22.05703079247271 0.0 88.58319108344212 20.733417110538603 60.72403483352598 10
130 0.1 90.13102871480345 0.0 90.13102871480345 20.733417110538603 57.20885264797568 11
140 0.1 91.02576759798599 0.0 91.02576759798599 20.733417110538603 59.95236732021133 12
150 0.1 87.8842495243817 0.0 91.02576759798599 20.733417110538603 62.34262888004015 13
161 0.1 88.42917251051894 0.0 91.02576759798599 20.733417110538603 64.16703035463598 14
171 0.1 91.23055162659122 0.0 91.23055162659122 20.733417110538603 65.78450649836151 15
180 0.1 90.49667945000468 0.0 91.23055162659122 20.733417110538603 67.37488431887587 16
190 0.1 92.26613306653326 0.0 92.26613306653326 20.733417110538603 68.73498991482462 17
200 0.1 91.19238476953907 0.0 92.26613306653326 20.733417110538603 70.0422756454751 18
210 0.1 87.68108989734242 0.0 92.26613306653326 20.733417110538603 71.15543928358373 19
221 0.1 89.74307707687693 0.0 92.26613306653326 20.733417110538603 71.98172181427167 20
230 0.1 86.89724310776943 0.0 92.26613306653326 20.733417110538603 72.82750063630048 21
240 0.1 88.23823823823824 0.0 92.26613306653326 20.733417110538603 73.46703438500361 22
250 0.1 87.34075634466846 0.0 92.26613306653326 20.733417110538603 74.10926063949206 23
260 0.1 88.49158653846155 0.0 92.26613306653326 20.733417110538603 74.66057296054107 24
271 0.1 92.43394715772618 0.0 92.43394715772618 20.733417110538603 75.21381350365789 25
280 0.1 86.4748345698817 0.0 92.43394715772618 20.733417110538603 75.87612633650667 26
290 0.1 88.34183928750126 0.0 92.43394715772618 20.733417110538603 76.26867108589093 27
300 0.1 80.33837220943037 0.0 92.43394715772618 20.733417110538603 76.69985566451987 28
310 0.1 74.26514105346223 0.0 92.43394715772618 20.733417110538603 76.82532175227541 29
320 0.1 70.27487961476726 0.0 92.43394715772618 20.733417110538603 76.7399823956483 30
330 0.1 64.4667000500751 0.0 92.43394715772618 20.733417110538603 76.53143069303923 31
340 0.1 35.074552186530575 0.0 92.43394715772618 20.733417110538603 76.1544078604466 32
350 0.1 13.900539245056919 0.0 92.43394715772618 13.900539245056919 74.9095637491158 33
