31 663.7 6637
40 140.9 8046
50 19.7 8243
60 65.2 8895
70 593.1 14826
80 260.7 17433
90 135.2 18785
100 307.3 21858
110 399.7 25855
120 280.2 28657
130 277 31427
140 379.3 35220
150 312.4 38344
161 308.1 41425
171 372.7 45152
180 263.4 47786
190 236.9 50155
200 228.9 52444
210 117.8 53622
221 121.2 54834
230 158.4 56418
240 164.8 58066
250 112.2 59188
260 251.9 61707
271 120 62907
280 203.5 64942
290 189 66832
300 102.5 67857
310 270.6 70563
320 146.2 72025
330 9.1 72116
340 0.2 72118
350 0 72118
351 0 72118
