10 1066.9 10669
20 2221.5 32884
31 997.1 42855
40 22 43075
50 664.1 49716
60 1894 68656
70 85.4 69510
80 30.4 69814
90 1014.2 79956
100 1186.6 91822
110 53.7 92359
120 441.9 96778
130 611.2 102890
140 315.3 106043
150 47.9 106522
161 87 107392
171 27.5 107667
180 13.4 107801
190 7.2 107873
200 6.8 107941
210 3.9 107980
221 1.4 107994
230 1.9 108013
240 1.4 108027
250 0.5 108032
260 2.2 108054
271 0.2 108056
280 0.7 108063
290 0.9 108072
300 0.1 108073
310 3.4 108107
320 1.6 108123
330 0.1 108124
340 0 108124
350 0 108124
351 0 108124
