10 4713.8 47138
20 9235.1 139489
31 4074.7 180236
40 0 180236
50 2879 209026
60 7990.3 288929
70 462.2 293551
80 0 293551
90 4461.9 338170
100 5032.7 388497
110 262.3 391120
120 1828.3 409403
130 2725.9 436662
140 1483.1 451493
150 117 452663
161 335.6 456019
171 0 456019
180 0 456019
190 0 456019
200 0 456019
210 0 456019
221 0 456019
230 0 456019
240 0 456019
250 0 456019
260 0 456019
271 0 456019
280 0 456019
290 0 456019
300 0 456019
310 0 456019
320 0 456019
330 0 456019
340 0 456019
350 0 456019
351 0 456019
