0 1702.3 17023
10 1747.2 34495
20 2458.9 59084
31 1676.7 75851
40 1154.5 87396
50 1524 102636
60 2179.3 124429
70 1226.6 136695
80 890.1 145596
90 1855.7 164153
100 1702.8 181181
110 1074 191921
120 1319.7 205118
130 1350.5 218623
140 1072.5 229348
150 919.9 238547
161 692.8 245475
171 715.3 252628
180 606 258688
190 620.8 264896
200 641.3 271309
210 823.6 279545
221 622.3 285768
230 693.3 292701
240 823.5 300936
250 645.1 307387
260 621.9 313606
271 760.1 321207
280 534.6 326553
290 817.7 334730
300 284.6 337576
310 189.1 339467
320 232 341787
330 61.5 342402
340 18.6 342588
350 0 342588
351 0 342588
