0 0.1 78.921875 0 78.921875 78.921875 0 0
10 0.1 27.953125 0.0 78.921875 27.953125 78.921875 1
31 0.1 133.40625 0.0 133.40625 27.953125 53.4375 2
40 0.1 78.671875 0.0 133.40625 27.953125 80.09375 3
50 0.1 102.203125 0.0 133.40625 27.953125 79.73828125 4
60 0.1 59.421875 0.0 133.40625 27.953125 84.23125 5
70 0.1 109.828125 0.0 133.40625 27.953125 80.09635416666667 6
80 0.1 101.859375 0.0 133.40625 27.953125 84.34375 7
100 0.1 68.890625 0.0 133.40625 27.953125 86.533203125 8
110 0.1 133.65625 0.0 133.65625 27.953125 84.57291666666667 9
120 0.1 143.875 0.0 143.875 27.953125 89.48125 10
130 0.1 161.5 0.0 161.5 27.953125 94.42613636363636 11
140 0.1 151.828125 0.0 161.5 27.953125 100.015625 12
150 0.1 100.5 0.0 161.5 27.953125 104.00120192307692 13
161 0.1 145.96875 0.0 161.5 27.953125 103.75111607142857 14
171 0.1 61.890625 0.0 161.5 27.953125 106.565625 15
180 0.1 85.21875 0.0 161.5 27.953125 103.7734375 16
190 0.1 116.15625 0.0 161.5 27.953125 102.68198529411765 17
200 0.1 102.09375 0.0 161.5 27.953125 103.43055555555556 18
210 0.1 151.328125 0.0 161.5 27.953125 103.36019736842105 19
221 0.1 81.5 0.0 161.5 27.953125 105.75859375 20
230 0.1 65.234375 0.0 161.5 27.953125 104.60342261904762 21
240 0.1 41.984375 0.0 161.5 27.953125 102.81392045454545 22
250 0.1 58.8125 0.0 161.5 27.953125 100.16915760869566 23
260 0.1 59.484375 0.0 161.5 27.953125 98.44596354166667 24
271 0.1 54.078125 0.0 161.5 27.953125 96.8875 25
280 0.1 81.984375 0.0 161.5 27.953125 95.24098557692308 26
290 0.1 21.21875 0.0 161.5 21.21875 94.75 27
300 0.1 94.5 0.0 161.5 21.21875 92.12388392857143 28
310 0.1 44.703125 0.0 161.5 21.21875 92.20581896551724 29
320 0.1 220.328125 0.0 220.328125 21.21875 90.62239583333333 30
330 0.1 146.578125 0.0 220.328125 21.21875 94.80645161290323 31
340 0.1 219.71875 0.0 220.328125 21.21875 96.42431640625 32
350 0.1 91.890625 0.0 220.328125 21.21875 100.16051136363636 33
