0 0.1 5.79296875 0 5.79296875 5.79296875 0 0
10 0.1 6.9375 0.0 6.9375 5.79296875 5.79296875 1
31 0.1 9.7734375 0.0 9.7734375 5.79296875 6.365234375 2
40 0.1 9.5 0.0 9.7734375 5.79296875 7.501302083333333 3
50 0.1 9.94921875 0.0 9.94921875 5.79296875 8.0009765625 4
60 0.1 11.62109375 0.0 11.62109375 5.79296875 8.390625 5
70 0.1 12.609375 0.0 12.609375 5.79296875 8.929036458333334 6
80 0.1 11.82421875 0.0 12.609375 5.79296875 9.454799107142858 7
100 0.1 13.43359375 0.0 13.43359375 5.79296875 9.7509765625 8
110 0.1 13.1640625 0.0 13.43359375 5.79296875 10.16015625 9
120 0.1 12.296875 0.0 13.43359375 5.79296875 10.460546875 10
130 0.1 11.890625 0.0 13.43359375 5.79296875 10.627485795454545 11
140 0.1 11.2265625 0.0 13.43359375 5.79296875 10.732747395833334 12
150 0.1 11.13671875 0.0 13.43359375 5.79296875 10.770733173076923 13
161 0.1 11.69921875 0.0 13.43359375 5.79296875 10.796875 14
171 0.1 14.7578125 0.0 14.7578125 5.79296875 10.85703125 15
180 0.1 17.05859375 0.0 17.05859375 5.79296875 11.100830078125 16
190 0.1 16.65234375 0.0 17.05859375 5.79296875 11.451286764705882 17
200 0.1 18.15625 0.0 18.15625 5.79296875 11.740234375 18
210 0.1 16.66015625 0.0 18.15625 5.79296875 12.077919407894736 19
221 0.1 16.5390625 0.0 18.15625 5.79296875 12.30703125 20
230 0.1 15.96484375 0.0 18.15625 5.79296875 12.508556547619047 21
240 0.1 15.66796875 0.0 18.15625 5.79296875 12.665660511363637 22
250 0.1 15.41796875 0.0 18.15625 5.79296875 12.796195652173912 23
260 0.1 16.06640625 0.0 18.15625 5.79296875 12.905436197916666 24
271 0.1 15.06640625 0.0 18.15625 5.79296875 13.031875 25
280 0.1 14.765625 0.0 18.15625 5.79296875 13.110126201923077 26
290 0.1 13.64453125 0.0 18.15625 5.79296875 13.171440972222221 27
300 0.1 12.39453125 0.0 18.15625 5.79296875 13.188337053571429 28
310 0.1 11.890625 0.0 18.15625 5.79296875 13.160964439655173 29
320 0.1 11.88671875 0.0 18.15625 5.79296875 13.118619791666667 30
330 0.1 11.21484375 0.0 18.15625 5.79296875 13.078881048387096 31
340 0.1 11.30078125 0.0 18.15625 5.79296875 13.0206298828125 32
350 0.1 9.95703125 0.0 18.15625 5.79296875 12.968513257575758 33
