0 1684.3 114.0206885946677 786.9145137184117 8344.243 0.562 0 0
10 628.1 3779.9177681897854 3644.943601771777 9965.698 0.562 114.0206885946677 16843
20 237.7 5874.3817050904345 4579.359746200695 16251.166 0.562 1109.761025774089 23124
31 748.7 3307.5559703486038 7001.455063900122 22302.722 0.482 1553.8809957648718 25501
40 1119.8 3072.853082336125 5669.594513697626 29703.521 0.482 1951.8973815629925 32988
50 836.7 5754.592807457889 7223.247977458976 30188.783 0.482 2235.9797139139077 44186
60 314 3972.4232980891734 5176.166901721928 30188.783 0.482 2796.1805731166646 52553
70 1086.3 1030.2460315750711 3093.20519379624 30188.783 0.482 2862.497743253193 55693
80 919.6 2628.789468138331 5019.262093414791 30188.783 0.482 2563.445060640665 66556
90 768.2 4599.977453788067 6642.910899053461 30188.783 0.482 2571.377619138771 75752
100 588 1859.737640136064 3807.3358254004434 30188.783 0.482 2758.156437483521 83434
110 922.4 1759.397926387682 3639.5454411998417 30188.783 0.482 2699.0089071030316 89314
120 883.8 1819.1321197103464 3419.040421578068 30188.783 0.482 2611.053278958373 98538
130 764.4 2120.3374076399814 3540.0054342536096 30188.783 0.482 2545.871122746239 107376
140 703.5 2050.0994073916145 4043.9945738346078 30188.783 0.482 2517.5910000000017 115020
150 931.3 1649.7300399441626 3273.876586140362 30188.783 0.482 2490.6457429109846 122055
161 662.8 2559.863952926967 4155.432869779152 30188.783 0.482 2431.0311644616663 131368
171 687.6 2036.7174360093013 3873.641827853303 30188.783 0.482 2437.2190519507817 137996
180 533 1829.3345917448446 3715.3389575041656 30188.783 0.482 2418.2102088947486 144872
190 671 2117.2296296572067 3790.051995213333 30188.783 0.482 2397.313636016831 150202
200 610.8 3558.5888593647746 5861.48131850011 30188.783 0.482 2385.3364533751396 156912
210 813.4 6872.548032825149 8406.874577115948 30188.783 0.482 2429.2956344313575 163020
221 649.4 5903.900944872168 8186.697200951931 30188.783 0.482 2640.458768267172 171154
230 620.8 4633.637882248706 7037.8134044193985 30188.783 0.482 2759.7553181572516 177648
240 841.7 6943.76955720569 8665.286013260726 30188.783 0.482 2823.028004160862 183856
250 670.8 4395.818642963627 7471.980818489674 30188.783 0.482 3003.4188112527486 192273
260 629 4619.564391096988 6608.404653999168 30188.783 0.482 3050.3590621868407 198981
271 773.9 6217.728660033569 8516.625097189557 30188.783 0.482 3098.443309444587 205271
280 488.6 2907.2878571428464 5456.924050257736 30188.783 0.482 3211.7720232524275 213010
290 847.6 5025.777275247737 7257.632219309141 30188.783 0.482 3204.9444099157377 217896
300 293.2 12631.10518246929 8084.149460386215 30188.783 0.482 3273.1214784867357 226372
310 174 5932.949847126432 9153.437425887265 30188.783 0.482 3392.7775168466287 229304
320 243 5826.77824609053 6302.574650702343 30188.783 0.482 3411.9076386186152 231044
330 61.7 13692.825022690451 7355.660260127779 30188.783 0.482 3437.0416388762746 233474
340 19.4 21022.767056701003 3951.1179176178225 30188.783 0.482 3464.0730853984105 234091
350 0 0 0 30188.783 0.482 3478.6125848560487 234285
351 0 0 0 30188.783 0.482 3478.6125848560487 234285
