0 1702.3 128.50705574810584 852.1493077673449 8772.427 1.999 0 0
10 1747.2 1447.6212154304083 2850.951333708087 9967.743 1.9 128.50705574810584 17023
20 2458.9 597.354228150804 2199.8440657939414 16253.113 1.9 796.6491806348774 34495
31 1676.7 7605.032414027566 11618.013361848576 30611.201 1.9 713.7085607271041 59084
40 1154.5 9452.643184841847 13531.735220106619 40117.417 1.833 2237.0480954502964 75851
50 1524 5215.582663254586 11599.688754295525 49657.787 1.833 3190.2272490388523 87396
60 2179.3 1439.3343603909486 5970.466160972053 56751.87 1.833 3490.963993579245 102636
70 1226.6 10998.279798222735 13496.395943504598 61304.526 1.833 3131.6332539922314 124429
80 890.1 8642.402778901202 12487.854965775308 73144.011 1.833 3837.5280307692265 136695
90 1855.7 4553.964537263545 10954.308430856452 78788.005 1.833 4131.273670300002 145596
100 1702.8 5105.725117629777 12727.532788662238 79303.674 1.833 4179.057593945884 164153
110 1074 11168.040202607044 15076.658612016321 104389.876 1.833 4266.148925781393 181181
120 1319.7 6065.893007350165 12693.243520412503 104872.553 1.728 4652.382388055493 191921
130 1350.5 6580.4037887449185 13936.229789203358 104872.553 1.728 4743.325648241492 205118
140 1072.5 9005.025149184208 15370.504387206181 104872.553 1.728 4856.807488155402 218623
150 919.9 9733.172816610486 16912.3467184407 105767.434 1.728 5050.790581160504 229348
161 692.8 14049.093228926096 19517.590773134743 105920.283 1.728 5231.355560740646 238547
171 715.3 16285.608002516517 20597.68554486035 105920.283 1.728 5480.217100877886 245475
180 606 14735.658830528106 19298.920400162744 105920.283 1.678 5786.164822901656 252628
190 620.8 12312.047033988449 20302.294659673393 105980.945 1.678 5995.814801587239 258688
200 641.3 13798.772294557935 20060.92703859161 105980.945 1.678 6143.839572435975 264896
210 823.6 13107.257556702307 18422.150818892937 105980.945 1.678 6324.781168722749 271309
221 622.3 11700.002080829152 17727.5135527033 108859.372 1.678 6524.607584975587 279545
230 693.3 11763.450254291061 16589.803725708713 108859.372 1.678 6637.309076912042 285768
240 823.5 11779.38837109898 15176.712591936974 108859.372 1.678 6758.728329947627 292701
250 645.1 8436.717228181657 14011.817641517982 108859.372 1.678 6896.116796062952 300936
260 621.9 13476.519475960791 16497.284224149153 108859.372 1.678 6928.44872092509 307387
271 760.1 10999.781656097892 14935.143506788734 108859.372 1.678 7058.3009942411845 313606
280 534.6 10892.451769360281 16064.586718887018 108859.372 1.678 7151.571671750618 321207
290 817.7 11909.159426562324 16359.524686633718 108859.372 1.678 7212.8136294169735 326553
300 284.6 22456.396049191793 13824.69144997421 108859.372 1.678 7327.538988910468 334730
310 189.1 36744.49644103643 17923.642527581113 108859.372 1.678 7455.08575524919 337576
320 232 37971.30695862068 15804.58867236445 108859.372 1.678 7618.24233779425 339467
330 61.5 52026.010598373956 16723.266606618607 108859.372 1.678 7824.274486238507 341787
340 18.6 53108.731381720456 14911.882252285477 108859.372 1.678 7903.666743611313 342402
350 0 0 0 108859.372 1.678 7928.209757443346 342588
351 0 0 0 108859.372 1.678 7928.209757443346 342588
