0 3932.5546875 3932.5546875
10 1423.0234375 5355.578125
20 533.13203125 5888.71015625
31 1784.3265625 7673.03671875
40 2454.8703125 10127.90703125
50 1893.9671875 12021.87421875
60 709.26640625 12731.140625
70 2465.51640625 15196.65703125
80 2084.5890625 17281.24609375
90 1738.63203125 19019.878125
100 1333.975 20353.853125
110 2090.10859375 22443.96171875
120 2002.4390625 24446.40078125
130 1737.2234375 26183.62421875
140 1624.73515625 27808.359375
150 2069.52578125 29877.88515625
161 1506.7546875 31384.63984375
171 1558.1984375 32942.83828125
180 1205.91171875 34148.75
190 1521.60078125 35670.35078125
200 1384.72109375 37055.071875
210 1843.76484375 38898.83671875
221 1470.296875 40369.13359375
230 1405.05546875 41774.1890625
240 1907.0484375 43681.2375
250 1521.21875 45202.45625
260 1423.9078125 46626.3640625
271 1751.42265625 48377.78671875
280 1110.76796875 49488.5546875
290 1919.63046875 51408.18515625
300 652.3421875 52060.52734375
310 405.72578125 52466.253125
320 518.21875 52984.471875
330 99.109375 53083.58125
340 0.45 53084.03125
350 0 53084.03125
351 0 53084.03125
