0 210.81015625 210.81015625
10 292.53359375 503.34375
20 305.49140625 808.83515625
31 289.05 1097.88515625
40 294.7671875 1392.65234375
50 259.934375 1652.58671875
60 247.78984375 1900.3765625
70 301.9890625 2202.365625
80 241.05390625 2443.41953125
90 282.0296875 2725.44921875
100 274.3453125 2999.79453125
110 250.859375 3250.65390625
120 276.1125 3526.76640625
130 245.51484375 3772.28125
140 277.009375 4049.290625
150 237.66796875 4286.95859375
161 271.31953125 4558.278125
171 255.4953125 4813.7734375
180 232.828125 5046.6015625
190 291.196875 5337.7984375
200 244.39296875 5582.19140625
210 261.95078125 5844.1421875
221 292.8015625 6136.94375
230 265.91640625 6402.86015625
240 285.04375 6687.90390625
250 279.3328125 6967.23671875
260 269.71796875 7236.9546875
271 273.91640625 7510.87109375
280 265.17421875 7776.0453125
290 286.04296875 8062.08828125
300 269.29453125 8331.3828125
310 283.8671875 8615.25
320 336.4 8951.65
330 315.4171875 9267.0671875
340 101.31640625 9368.38359375
350 0 9368.38359375
351 0 9368.38359375
