0 4115 4115
10 10336 10435
20 10313 10435
31 6569 10435
40 8331 10435
50 10329 10435
60 10345 10468
70 8540 10468
80 9666 10468
90 10374 10468
100 9979 10468
110 8781 10468
120 10112 10513
130 10073 10513
140 9840 10513
150 10325 10513
161 9278 10513
171 7673 10513
180 7077 10513
190 7947 10513
200 8037 10513
210 7224 10513
221 8450 10513
230 8188 10513
240 6795 10513
250 8838 10513
260 8053 10513
271 7414 10513
280 8909 10513
290 7839 10513
300 5012 10513
310 3121 10513
320 801 10513
330 186 10513
340 0 10513
350 0 10513
351 0 10513
