0 2113.8 21138
10 2369.3 44831
20 2456.6 69397
31 1302.3 82420
40 1330.7 95727
50 1723.8 112965
60 2180.9 134774
70 1046.1 145235
80 1002.7 155262
90 1926.5 174527
100 1663.3 191160
110 954.2 200702
120 1452.8 215230
130 1346.6 228696
140 1049.2 239188
150 968.4 248872
161 588.1 254753
171 554.8 260301
180 546.4 265765
190 707.8 272843
200 650.3 279346
210 742.3 286769
221 744.9 294218
230 667.1 300889
240 684.2 307731
250 849.4 316225
260 543.4 321659
271 696.2 328621
280 684.1 335462
290 710.7 342569
300 1.9 342588
310 0 342588
320 0 342588
330 0 342588
340 0 342588
350 0 342588
351 0 342588
